2026-06-08 22:33:31.894902 - [SUCCESS] case_001 berhasil diproses dan disimpan.
2026-06-08 22:33:31.898036 - [SUCCESS] case_002 berhasil diproses dan disimpan.
2026-06-08 22:33:31.898701 - [SUCCESS] case_003 berhasil diproses dan disimpan.
2026-06-08 22:33:31.899791 - [SUCCESS] case_004 berhasil diproses dan disimpan.
2026-06-08 22:33:31.901246 - [SUCCESS] case_005 berhasil diproses dan disimpan.
2026-06-08 22:33:31.902501 - [SUCCESS] case_006 berhasil diproses dan disimpan.
2026-06-08 22:33:31.903061 - [SUCCESS] case_007 berhasil diproses dan disimpan.
2026-06-08 22:33:31.903613 - [SUCCESS] case_008 berhasil diproses dan disimpan.
2026-06-08 22:33:31.904101 - [SUCCESS] case_009 berhasil diproses dan disimpan.
2026-06-08 22:33:31.905065 - [SUCCESS] case_010 berhasil diproses dan disimpan.
2026-06-08 22:33:31.905586 - [SUCCESS] case_011 berhasil diproses dan disimpan.
2026-06-08 22:33:31.906018 - [SUCCESS] case_012 berhasil diproses dan disimpan.
2026-06-08 22:33:31.906411 - [SUCCESS] case_013 berhasil diproses dan disimpan.
2026-06-08 22:33:31.906928 - [SUCCESS] case_014 berhasil diproses dan disimpan.
2026-06-08 22:33:31.907303 - [SUCCESS] case_015 berhasil diproses dan disimpan.
2026-06-08 22:33:31.907667 - [SUCCESS] case_016 berhasil diproses dan disimpan.
2026-06-08 22:33:31.908542 - [SUCCESS] case_017 berhasil diproses dan disimpan.
2026-06-08 22:33:31.908940 - [SUCCESS] case_018 berhasil diproses dan disimpan.
2026-06-08 22:33:31.909294 - [SUCCESS] case_019 berhasil diproses dan disimpan.
2026-06-08 22:33:31.909672 - [SUCCESS] case_020 berhasil diproses dan disimpan.
2026-06-08 22:33:31.909999 - [SUCCESS] case_021 berhasil diproses dan disimpan.
2026-06-08 22:33:31.910334 - [SUCCESS] case_022 berhasil diproses dan disimpan.
2026-06-08 22:33:31.910725 - [SUCCESS] case_023 berhasil diproses dan disimpan.
2026-06-08 22:33:31.911053 - [SUCCESS] case_024 berhasil diproses dan disimpan.
2026-06-08 22:33:31.911420 - [SUCCESS] case_025 berhasil diproses dan disimpan.
2026-06-08 22:33:31.911774 - [SUCCESS] case_026 berhasil diproses dan disimpan.
2026-06-08 22:33:31.915104 - [SUCCESS] case_027 berhasil diproses dan disimpan.
2026-06-08 22:33:31.916887 - [SUCCESS] case_028 berhasil diproses dan disimpan.
2026-06-08 22:33:31.918604 - [SUCCESS] case_029 berhasil diproses dan disimpan.
2026-06-08 22:33:31.918980 - [SUCCESS] case_030 berhasil diproses dan disimpan.
2026-06-08 22:33:31.919319 - [SUCCESS] case_031 berhasil diproses dan disimpan.
2026-06-08 22:33:31.920603 - [SUCCESS] case_032 berhasil diproses dan disimpan.
2026-06-08 22:33:31.921032 - [SUCCESS] case_033 berhasil diproses dan disimpan.
2026-06-08 22:33:31.921442 - [SUCCESS] case_034 berhasil diproses dan disimpan.
